8470
4633
560
3904
8161
4506
4950
1987
1217
1825
5318
2232
7819
2643
2933
4450
2932
6533
1228
6749
952
3845
7879
5207
1704
9900
8953
2011
5473
3477
6269
2729
9006
9843
4862
7750
8272
5615
8363
1351
4291
8835
9214
2621
7347
312
9544
2529
5989
2562
7563
4565
9749
9087
6916
3045
1135
3715
5354
9473
141
335
2423
5658
6152
6794
9444
223
3457
5488
9352
2442
7248
4532
5329
5808
5131
8271
6847
3711
3961
2598
435
1723
9546
3589
6048
9958
2177
8188
2896
8367
4042
429
1460
102
4456
3976
8899
7138
6052
901
291
4806
7377
3602
5270
9003
9906
5165
697
7231
5370
8952
5025
5691
6325
6608
3377
1041
5003
8508
8149
6019
9209
8214
6454
8276
5095
9233
8348
5043
6257
9769
8168
2684
6976
3362
581
5173
3923
5439
5580
6445
2401
5117
7548
5048
1733
1456
2708
4267
2147
7512
3702
8626
7549
9489
1553
8107
8648
5140
1767
1440
257
3986
8941
6008
9186
8675
5023
8515
5865
6832
4781
7761
9889
773
9286
1390
4853
815
5330
6825
747
4910
1043
9202
5530
7583
5942
2426
6385
8854
1740
9552
6547
818
5696
9536
6786
3799
9669
7502
6247
4934
6782
4571
6705
665
5776
8082
4822
1857
1850
4640
5998
7478
264
8700
4084
1178
4027
608
4744
7778
5788
1556
9803
7287
9442
494
4313
8044
916
2889
6070
5986
9407
484
7653
5275
9449
2773
751
5101
9333
2551
6580
6337
5250
632
5693
9628
1712
7214
9557
8870
3802
8380
4120
1215
9437
9491
5600
1366
6775
1017
1397
3082
4376
733
7081
6934
7213
27
3367
6310
2025
477
3666
1661
9587
8710
3834
2164
1235
1591
8548
1439
8513
1563
972
7641
8190
8230
7223
316
8623
3124
890
2085
2742
8761
5369
4199
4750
3511
8111
7023
3190
9902
6009
268
6776
9998
2636
3429
486
9516
4115
8043
9043
449
8171
8172
215
177
9502
9076
4488
6031
6724
3391
1915
4724
7262
2576
4634
3176
2531
9468
7473
7672
699
76
2855
2428
8409
2333
7182
8286
4290
3489
9897
2323
5945
5671
9980
8421
4784
8194
5032
9961
940
1952
3898
9858
8039
7264
5049
6740
716
3787
8685
3087
1067
5072
3537
9770
5219
2766
8970
4856
3618
9916
7409
5844
2045
3783
2247
7255
5802
133
1852
1647
2960
9149
2678
6963
3413
2592
245
9196
8693
1070
1348
1773
6050
45
38
4182
6386
9539
7579
8158
3412
22
1249
9953
166
2315
1445
5092
1102
2178
8699
9185
144
841
8499
8448
7749
1880
9443
5299
4544
8876
4148
6844
5813
8017
1680
1752
3768
2183
1605
7676
7498
4890
9983
7593
7261
7376
1614
3710
1755
9207
1303
4231
8371
7294
6668
6938
3445
6904
9384
349
9952
2182
259
2980
3536
8394
2140
8199
4257
4857
5655
2823
3498
3314
824
3813
3166
5903
6855
5848
763
6290
3567
5360
896
877
5351
9361
4783
7013
7630
2838
1234
9970
9615
5491
47
1930
7530
120
5361
7832
1198
3726
2370
9768
175
4917
4965
7286
3953
7079
6335
1425
4146
3178
5607
6603
9765
8387
5124
4432
6362
5609
531
5606
1709
1243
976
7789
1003
5630
1735
7224
8032
1807
3414
7446
7517
6819
1355
7557
2248
3658
2457
9677
1771
8640
5097
8958
5659
1364
9400
4162
249
7664
1950
8224
6162
1976
4803
7803
8464
3721
8940
2510
204
6448
3967
1360
7412
8474
8118
3619
5053
8947
549
5247
545
201
5905
1636
8455
4371
6123
1211
1319
6656
9326
3375
9531
650
3351
7636
4898
1827
5080
3601
6804
4143
5230
9390
8322
2077
199
5593
1184
5698
1471
1202
220
6532
6539
6681
3145
7169
2986
6642
3549
4674
5775
5764
1478
9939
6869
8848
1431
122
9015
4693
8580
4684
5681
3924
2547
1007
9217
7673
3638
4141
9354
9169
7366
7692
525
5684
5554
9946
7536
6660
9405
5252
4567
7438
197
1653
1972
4530
845
684
5434
9173
7038
9386
3042
7369
3384
1672
7236
7843
4666
8529
5949
2237
7448
9056
6044
3288
8377
51
8070
6872
2505
5152
8270
2050
652
2109
3798
2199
7655
4718
7241
2572
1756
8913
156
4348
6034
3013
6647
8639
6969
4769
5827
3010
4757
6422
6659
6301
5147
1521
730
5090
603
5779
1296
6424
274
3569
688
3144
3553
5018
4722
8836
6223
3552
5476
941
2509
7938
5009
756
720
1015
6773
3975
7491
4425
3216
3232
9426
4969
3289
3111
9508
647
8197
8829
8722
5736
7790
6184
5988
5983
6482
4953
6581
4139
6368
2516
8219
4592
2290
1783
7479
5259
3361
1994
7395
1728
9130
1898
3515
3912
1160
2229
2171
7629
5472
1297
6628
9377
7980
9244
2338
3081
8846
6836
2891
4649
1387
1784
832
2544
9721
3926
6677
7256
1739
4288
1944
6087
3338
3506
4946
5660
4073
5831
1176
6614
9505
4989
4250
3761
715
515
2099
6521
5618
2127
8307
9704
5720
1415
482
2444
290
7273
9347
9236
4589
6349
3222
1266
2975
4740
1572
5397
7345
1778
3758
9105
4022
6389
7099
9519
2959
8840
5944
3855
3663
6041
2721
6286
2934
6339
4402
5956
7934
1613
1182
7200
9106
4447
9011
1498
9410
7513
8617
9571
2267
3095
372
3743
7955
9804
3233
5106
4122
7364
8909
4008
7575
9633
5066
7230
1514
1483
1548
9707
4041
5763
6961
6426
4584
5919
8021
8727
1179
810
4149
4108
3628
7133
6267
9532
7174
5546
2549
7756
2474
5966
3129
2051
9368
1832
1324
6006
2522
3984
9077
2765
2658
3171
5035
7609
411
798
1806
2597
6343
1584
2677
9772
8936
7481
7663
9221
8793
5596
5180
3305
2402
2599
9832
7091
2957
5970
3989
7933
1349
2903
3016
5759
317
1164
7000
881
6493
2964
1263
8056
8808
3538
1837
3608
673
4172
188
4040
7684
8412
9880
7897
5030
4235
9611
8991
4155
7768
6256
8758
9323
96
1836
1864
3978
79
6567
2853
6232
6181
4300
8528
3649
2073
4767
577
7739
3560
967
6308
1053
3861
2504
2458
1645
109
1918
664
3121
8665
2508
852
279
3093
5087
3247
6142
8265
8140
9481
9922
3704
3526
2523
6464
3786
3882
3969
9866
6187
4403
4497
7482
1437
3547
9969
6848
5347
485
9605
2985
2893
1287
3179
9241
2117
5876
3698
4596
9239
5011
2720
6228
1913
5518
6441
9240
6738
1631
7924
7183
437
1697
8602
5198
387
8365
6827
1625
3465
1615
985
5953
6562
945
9687
4893
7088
2921
8476
3297
1193
2736
1705
3647
6600
8839
7746
1072
7700
4818
8518
8812
1552
3438
1797
9683
3844
2137
9310
7311
6751
3820
8578
324
656
9783
4762
9612
9975
9452
4179
661
3379
283
5001
4106
4165
414
3282
9203
234
7806
7425
8281
3404
8857
6067
837
833
9794
7627
5902
18
6456
1304
8555
3328
1566
4971
8077
5151
3814
9850
3364
445
8063
8871
8485
4531
9712
1601
7198
1753
2327
4951
9619
7323
7770
1758
8814
658
9808
5392
281
4065
3830
7413
933
8878
325
4175
4703
1703
9842
5540
4554
3689
9938
2752
83
6030
1954
8713
7588
9999
5412
6222
7928
5916
2111
9067
4714
7314
7775
3518
5279
9681
2756
8652
9192
4085
9509
9837
1995
1800
2210
4071
3524
2802
4707
1721
595
7883
3210
3417
2739
7387
5477
2979
7863
4814
1233
2692
5713
334
3134
2156
6948
9535
3593
4266
9223
7266
1381
1870
1090
1205
8891
2483
7439
5406
4538
4970
6412
4086
9789
8418
9537
3098
5832
9215
5442
25
2911
8895
5996
6303
1760
8477
1341
2241
7921
2387
2613
7503
9267
3275
9424
3582
5666
3321
6859
6296
2811
4166
4138
9801
3107
1212
2637
5407
8067
2604
7416
5958
2244
7554
8264
29
1075
1167
4016
6833
7648
892
9700
4868
9346
5665
2231
2422
6503
222
6036
9330
4021
228
1525
1384
2843
4314
4742
3879
9216
2431
722
9044
9321
1656
760
1047
8738
5725
4960
1714
2836
753
5651
8072
5631
4721
2058
6037
4381
2880
3079
910
6999
2667
7152
2170
5396
3310
5567
3505
3866
1736
5717
8535
5044
5447
8033
6514
1996
5284
7972
4401
3097
3382
3132
8780
4907
2961
1671
8825
5373
6053
1971
1073
3133
2466
8765
4664
5172
6024
9977
7477
5881
9019
3047
2771
3164
2491
5634
8898
6821
7164
5194
3935
1660
8398
3750
3873
9438
9497
8176
1983
6893
6989
6764
2469
6090
9540
8429
2879
8902
9065
198
2944
3268
8130
8707
9262
7153
8852
1792
8544
6167
4669
1802
6379
4913
7717
5687
4882
7232
6583
6766
3383
2065
965
5861
611
8462
2203
983
1186
6737
6403
8860
345
3561
5323
5084
639
5753
4063
5646
4709
729
5982
5812
3104
6175
8292
6436
7192
6870
6107
3858
8141
9167
4168
2962
505
2809
124
4527
9464
3544
9408
6434
9159
419
7269
5226
4224
8062
7966
1157
3797
6449
8893
7730
5357
9806
3744
1606
9997
6178
2101
9001
9710
4185
1241
7216
1308
1100
8869
471
4880
5673
8927
4879
757
4209
8089
8024
6702
8929
9691
5955
9081
7900
2087
2494
9119
5112
7056
5371
986
1629
476
6930
829
1843
2744
6113
4289
1488
6545
9512
3828
7193
886
6468
8510
3801
7812
5515
95
330
9617
9973
7265
6274
7208
1435
8959
7592
4637
1589
7951
4197
1667
5005
8552
5345
3227
5551
4079
6670
9264
2798
4448
6382
9568
5748
2831
6984
2495
1405
5742
3557
8817
8561
7411
4813
123
1560
3502
6988
4867
9496
5838
1278
2851
4211
8273
2813
3578
1416
1622
8066
3018
2704
7457
9586
7277
1554
8057
5821
5240
4904
9554
8632
7711
5820
7872
5034
755
7614
6447
9023
2044
9559
9542
9278
1533
5611
3804
9070
1989
8128
3163
2818
8486
3672
8121
8374
6809
8313
7487
6932
8026
1077
4318
8743
3587
3922
9446
1544
7180
2473
7220
4309
1884
8976
3790
2299
2012
5413
2288
4761
4464
3291
5993
496
8720
9792
977
5146
2726
5987
5638
9652
5195
1443
570
3933
6699
8212
3581
2722
1187
5164
4382
5830
9012
2782
3378
1940
203
8466
9058
2289
6485
3260
8358
1543
4343
6144
634
5414
6937
7890
262
6115
7328
1141
6767
928
1140
1853
3194
1428
5743
6982
3962
8559
2976
954
7937
9956
6887
683
9563
4268
9903
8661
8016
6486
6405
5426
6340
186
1877
9432
9478
6541
3635
9647
3705
8990
6494
1973
2697
3657
2445
2047
9871
3788
9639
968
9020
3017
2998
8238
2833
4128
6411
6596
5298
8558
8698
2448
9664
6409
2588
759
3403
3771
3306
5485
230
691
5451
9725
875
5148
7305
5676
2389
616
9678
6431
4738
4916
3348
3224
735
9873
5245
4312
5968
913
8651
115
100
3456
5967
6599
4787
8889
3703
5778
4923
9032
4060
2526
4277
3669
2866
9979
1559
4297
5558
4831
3349
2844
1147
7469
4234
6510
2861
9466
270
6791
145
3494
6662
3352
1124
3612
1676
768
3791
3688
2498
3188
1744
6945
8468
1798
5934
2835
9830
5220
8730
5604
8921
8784
7258
3747
623
2016
2359
5791
8360
5239
5501
5410
2233
5535
530
5538
3357
2418
6721
3158
7130
7501
2386
9993
4430
7117
5251
4276
6975
2938
4677
9729
4352
5937
8887
6351
9657
5436
1623
9311
3397
9763
1868
5243
3083
2568
9567
7586
2750
7229
2378
6457
8818
464
2188
899
3878
9413
5868
7607
5597
7074
1025
704
8628
6757
4988
5203
559
7543
1633
907
6557
7577
5688
3214
275
4638
4363
6465
6029
9579
1612
6853
4442
28
2005
6066
9901
7422
3727
7991
9533
5771
6941
6100
5591
1527
8098
2506
6026
3730
4218
9031
1669
8116
4768
8028
636
9580
7338
8731
5625
4627
7033
6212
1731
8541
853
6000
743
9320
9316
8663
9960
3068
2254
9486
3784
5341
7611
146
3754
6914
9944
2176
7317
7809
5566
1695
8880
1376
3737
1491
8222
9097
8605
900
7646
2953
5008
5470
1949
1627
2321
5805
6083
9852
9146
2381
529
107
4645
1866
9484
5875
5217
9049
5585
3555
6452
7597
749
7650
7067
5428
2450
8881
1059
4578
2096
5484
7845
3067
2778
4870
2451
303
5890
224
1271
9066
4809
172
6259
680
39
4536
9419
1239
9697
6065
3985
527
8748
2434
6388
9988
9147
1805
9134
475
9686
4100
5313
8202
4760
9781
4489
5912
8704
5024
6314
3086
4764
5602
9093
4745
552
8302
4345
5626
5627
5130
4308
154
1641
9667
8684
3021
9981
6954
2600
323
9139
232
3130
6542
7084
5253
737
5907
9344
8912
9577
3464
5712
2886
2556
3470
9655
1847
9717
6127
2888
6251
9650
125
6117
6176
8002
8944
481
3965
6416
8068
2858
848
6384
8496
8613
1780
1448
1327
8519
5419
9108
5355
3872
5280
9731
8058
2737
9521
2566
8697
1958
9479
5221
9618
1155
3519
4160
6287
6004
7276
734
194
778
1153
441
8618
4611
3941
1588
9116
9771
4964
2452
6467
8717
4800
6814
9755
9585
3084
3040
9334
251
512
252
2569
2603
4503
4816
4864
8822
2410
5925
4097
6333
1107
1323
112
2145
5534
4997
3380
2822
2243
5781
2319
3551
3340
4704
4625
8285
9052
80
9314
2218
1812
1649
2930
563
5281
9859
3918
6348
1020
352
4278
5107
2394
3360
7631
9269
998
5729
7616
4350
3242
4978
5222
2733
9987
7866
4594
6903
315
2849
8683
5350
9959
117
526
1742
1333
8342
6075
6096
5342
3026
2368
2883
6548
3053
5153
2212
993
1117
2373
7020
9235
1347
6661
8534
6483
4525
4961
60
2842
7028
8064
370
8444
9317
8251
1817
9583
9703
256
3167
4679
4325
8539
615
700
2255
6103
5896
7043
7041
9574
9872
4552
8573
1933
7824
6519
8164
5883
1332
2067
7736
9395
7740
5757
9242
211
9625
8744
9838
5182
6997
6131
1256
7289
6760
4369
3027
3266
7480
9085
2266
6629
2942
1804
8343
7885
8267
3118
4949
8213
3528
8350
2958
7835
4795
2161
46
1779
8295
4496
3902
911
4570
4859
3080
8099
3444
8781
5069
6643
9353
7707
9289
6243
9920
7969
6543
8973
9073
3860
7389
6166
4940
6631
433
9136
1679
8815
1936
3196
3614
2946
3867
3039
4400
6262
7125
5400
8841
6891
6876
7594
428
4712
5571
5523
4660
8997
6291
7206
8210
1489
9372
2301
2908
8150
6300
9296
7470
4999
4299
3583
9114
9680
7744
9027
953
1149
9921
9834
9435
9940
5877
2631
1946
6
6678
4460
2789
3541
4900
4144
6878
295
504
472
6695
8554
1878
2226
7527
4344
4608
9596
7268
1379
5629
7755
7468
5145
3690
6352
4529
3398
9816
621
6644
5377
8777
5793
6983
5859
627
4174
6302
5672
2624
5828
3000
4992
5639
7319
4409
6572
6182
6364
2804
2103
4426
2487
2249
4819
9187
6390
5740
8562
7120
7732
468
7324
98
7260
7159
8372
3390
9777
5193
3050
5850
2794
7309
1161
9925
4104
9933
8163
3496
7313
6854
2213
5346
4883
9867
774
1280
7725
706
6719
5756
7325
8011
2000
3591
4317
7251
2764
8928
1378
6602
9886
5490
7596
6715
5000
7658
3322
6632
5205
8392
5521
9740
5190
6714
8939
4378
4145
7759
7810
5542
7798
4406
1678
6939
3998
6158
8823
3235
1520
8330
3035
2040
4828
8443
6899
3987
2215
1423
1841
8049
9441
6260
6161
9477
1046
9429
142
2072
5637
3943
9024
92
3353
7687
7904
4772
6511
6084
1688
4977
7528
1564
3034
4672
2362
9648
6216
1579
2832
4329
7475
8851
6372
7644
2374
7205
4899
871
3842
3370
3687
4884
7545
52
7581
558
1576
3254
5334
342
9237
3468
8955
9972
1074
9674
2671
4869
572
5115
3749
9779
9121
4623
2110
6177
4827
371
163
5273
2205
6649
9984
9229
9894
3302
6967
7271
7639
6593
4015
9181
436
9945
6703
2573
463
7615
9548
3482
4083
3585
795
694
6716
3556
8426
8439
6735
5640
4263
8258
9351
4926
3548
5200
4734
8656
9695
5452
2207
7203
1264
1763
991
562
3234
8739
1922
4733
9051
3428
7137
8410
3665
4517
3376
5227
1882
6564
2354
3753
8537
6901
4852
7178
9741
3137
9148
8262
7693
930
3725
1917
8170
7432
879
5893
3811
4467
582
6637
1412
6987
1223
9247
7250
2049
821
3071
1111
8789
4998
267
7675
7638
7188
6672
4546
4126
695
8820
6393
689
864
9137
118
8446
2228
7695
3157
5971
9128
2749
543
6241
7372
4287
2574
103
973
857
277
4437
16
2797
1831
1532
9294
8735
1429
9415
5395
6007
9689
7340
5062
8897
9182
2648
7383
9766
2807
3219
8353
4588
8117
6195
8653
8314
8030
8523
4195
8669
1860
7204
9822
5649
7127
7626
4338
6496
4275
1173
466
2408
3660
1814
8527
8545
793
3229
58
4848
4847
8467
9010
3461
6381
6940
7772
9222
4758
6556
4708
4600
7602
346
1628
1427
1905
5027
8861
8625
7029
8440
643
6204
2665
4557
7539
4319
3775
8225
5319
5978
3238
7988
6951
3685
3372
2377
4563
2872
8567
2791
9720
2647
5846
6459
802
5353
278
3925
4377
450
7826
891
2904
2656
585
6799
3676
4370
8732
2285
1272
8321
5379
6481
2179
3921
8027
2645
4142
620
4789
343
374
7735
6666
2854
8787
1158
769
2740
5033
2027
2220
7263
812
6079
6475
6121
9764
9730
7805
7285
8714
6575
6261
5358
1054
5573
8397
2834
8678
8769
5427
4876
8983
599
7670
9038
5088
6192
6900
5422
5111
766
1883
3160
7484
1765
2053
3997
1598
7521
6342
7363
4566
9986
5762
4480
9604
3533
4434
7388
4855
2864
9313
1580
703
9780
8101
9635
2850
1845
4871
2300
9017
8719
4727
2815
9331
7225
8672
4824
4860
6025
5411
9698
379
7836
3183
9927
754
367
8231
7292
2915
6924
7876
2039
813
9025
1316
3462
3770
2755
61
4407
6919
8091
3333
340
3002
1461
6509
1359
5657
9359
6145
9393
