4954
6252
1668
4274
3546
4027
7606
4006
4147
9132
4384
4787
17
1584
4317
8824
6277
8804
1571
9961
6143
4974
1046
4361
198
7148
8175
4222
8901
1659
9123
2009
519
5177
5323
246
213
1681
5267
7031
2574
3167
2444
9067
1720
7149
5245
1521
9161
826
235
1812
2656
4499
9466
8264
3087
4522
8933
2363
2873
8260
1977
5368
9684
7292
6997
4371
423
3529
4346
9756
617
9037
2767
3085
7463
7964
997
9315
2621
2152
7960
3283
7194
7097
6772
9319
8985
7484
1473
2869
7418
7899
8155
3192
5892
2915
2593
8003
9435
7472
8628
3344
5034
7329
7835
1910
8775
3235
1230
12
6663
9110
1719
6358
4565
3322
9408
8453
6044
2173
1285
9709
1294
2852
351
3868
9185
6601
8736
8553
7344
7021
2302
5769
4358
2855
3194
1803
3459
9774
3366
5953
8371
3746
3429
5627
5759
1777
6702
9155
4413
3415
2012
4690
5077
4518
9000
3878
8742
6512
4449
3028
1961
162
6846
1281
6350
4539
1205
8350
5852
7212
7044
1238
1444
930
5365
3807
6584
8134
2380
5671
6614
207
3390
6684
16
5165
7161
465
6809
8513
6005
5706
1558
5766
6995
568
8234
8060
3617
3531
6618
4091
97
2521
9532
8849
2435
4115
1323
8189
9006
5125
3808
1589
695
8222
702
4763
7050
3193
8422
9082
9956
2911
5554
5233
9244
2511
6979
2463
9255
2348
7565
7649
1073
2018
9694
626
1208
1060
9927
481
6568
3849
9674
9933
7739
6279
576
9427
5019
9702
5348
857
4382
998
9328
4609
1048
1585
9384
3213
8610
5155
4240
2688
5179
1580
1561
5472
4760
1065
6340
6444
6537
5403
8431
9135
4949
6251
2626
7207
7303
1226
920
9925
4169
853
7398
5737
6883
6108
37
6375
1594
340
2169
4280
5788
3731
6194
4447
4655
6747
6447
4483
5994
6935
9770
1605
169
2957
5152
4708
3127
7594
8043
6602
6836
5884
3901
8820
7761
4881
5067
6574
3180
9664
6246
1505
4649
7460
1283
3004
4939
3238
1401
9117
5905
1783
1778
1676
8330
2655
2817
4443
5410
3185
9158
2670
6239
4390
9370
4374
4095
8008
4397
5850
7662
387
6898
5265
9986
1758
6406
5567
911
4717
2616
3377
7101
467
7523
8837
646
599
4029
460
6488
209
4597
9835
1896
7269
2359
2401
6626
3939
164
601
8946
3799
7586
3992
7106
524
1576
2792
7526
7745
9847
3879
5549
9039
2248
2507
3734
660
5299
3615
8745
1551
2425
4577
8670
5283
1738
7431
3835
5149
6095
4992
8611
534
7883
4141
7758
8684
6094
4097
2691
4710
5980
7065
8601
4642
2805
8661
3474
9366
574
9686
4844
6409
6719
4069
2216
7725
5895
7316
1066
8920
1093
6953
4396
7580
5643
9343
3883
5901
5032
6866
7250
6533
2926
7679
6918
5673
3719
9441
8729
5244
5767
7375
723
6155
4132
9265
327
7450
38
2827
8785
7961
2696
9787
9658
4639
1047
5355
6150
7055
5927
8361
3288
6020
9503
8075
1272
9657
9355
3850
6377
7476
8826
29
5336
6360
5691
9764
8618
8913
4946
1256
3929
1807
6464
4828
2443
788
9035
8181
4155
2271
7278
2749
6676
7474
3738
8562
3594
3864
4598
9877
7597
1904
444
9816
2924
8327
3977
7981
4116
9874
7047
7691
8002
2035
1781
7444
220
6643
3707
7530
9976
4636
478
3885
9405
3102
3032
9042
4801
4593
8273
1621
8247
5512
2878
6639
5026
221
9844
488
6065
5347
2570
8017
8906
8480
5378
4053
8009
6157
1788
8357
4521
5060
6190
5093
8941
8474
5515
771
999
7771
5807
6745
282
9566
4247
8678
3926
1677
7857
7282
3981
6014
7122
7322
4777
3630
8509
8292
466
4673
2010
570
5036
1396
3761
6726
1374
1407
284
9432
5078
1997
3122
2890
7240
940
587
5842
7864
2905
5503
2473
4876
9893
8631
2416
2652
1002
9463
3936
5670
7862
1130
6750
1392
3573
2486
1406
1648
252
5450
6692
3838
6328
1319
8266
8800
7226
2995
5257
1865
8487
9460
8629
8470
6785
7191
2596
6412
82
175
2697
9859
4049
4153
4898
7536
2978
3057
1483
1606
3251
2615
7445
9375
7496
4127
150
581
1511
7910
728
9462
1680
8223
6213
2914
2956
3681
9313
958
3851
9581
3804
2078
5976
5572
3036
8081
9054
5762
1619
5052
7877
1962
9712
1038
1076
4633
5375
4747
5620
7531
9116
6463
4093
3639
806
7412
6148
2771
3685
1391
2198
4157
1952
4783
7859
7105
1816
4032
6254
7940
258
872
2339
118
5453
4111
137
3965
5016
3875
3980
337
8875
4631
5147
6443
4387
3655
4550
2831
3658
5487
7873
6675
5798
6051
2264
741
3337
7705
6404
8416
2918
3306
9194
7779
6147
6311
557
8346
9230
1231
5825
8768
640
5608
6149
5100
9461
3968
9766
9206
285
6041
8144
1829
6053
1727
682
8415
6225
2946
6794
5398
4878
316
7225
8972
7846
4930
4149
1652
2214
134
2303
1999
125
8109
8675
72
5818
3564
4408
9179
8852
8333
1748
7721
6774
2990
5510
3392
1643
5542
7098
8379
7566
1423
6724
8754
6801
6419
6309
9395
4682
5968
5408
3331
4699
6186
7888
7084
5600
9972
8817
7831
1943
3414
3284
1722
6160
8903
8813
8708
5957
8581
9696
1698
6664
8304
8523
1362
8005
5474
8691
4046
3608
6713
1840
6237
1963
6059
457
5564
9701
7341
5374
7765
7868
8114
7231
9301
7657
391
4099
3048
3170
3363
1482
6700
3899
5385
5940
4867
1958
4356
7798
6686
3026
4066
2509
855
6455
7701
6217
1592
5886
5831
2821
9059
9743
9992
9023
3491
2519
5936
5210
5963
2183
8544
8176
9539
2844
2308
708
205
4114
9623
5575
4
2276
1184
5463
350
2119
8555
9368
5124
7521
4437
3563
8943
554
9414
3077
6121
9677
234
6780
2640
6126
360
6031
7015
865
4584
6201
8137
2415
3533
967
8128
4638
3088
7237
8182
6715
5985
6052
5540
5929
3666
2127
2884
2157
4716
9812
4056
4897
1180
3320
4576
3354
3317
7465
9558
593
9
5188
176
3568
9365
1772
1917
6596
5793
6696
2930
7123
1818
5676
3372
9008
333
5997
7717
5871
8707
5056
2301
6426
6720
4109
9919
4488
1014
3105
2351
5227
9058
1780
8020
8512
9310
8538
3367
6236
4150
4193
5799
8072
4403
3232
9556
5547
5551
8989
6425
2199
2858
6528
5197
1000
409
193
9250
5001
4446
5663
1886
1373
902
9562
4948
4872
3423
8572
8733
9928
8140
5449
7497
4333
7255
1185
9443
5200
2186
4021
8107
3983
8565
1379
8880
5180
5763
9713
9981
2793
3263
9825
5059
24
6739
889
5264
8201
6633
2747
1387
9884
679
7787
7176
525
7506
854
5240
2498
6282
8111
996
8446
9867
7468
7702
6115
3510
8172
5087
6577
2563
6286
689
9088
4230
5847
9819
6274
5698
6849
6437
7522
5324
6532
8435
8217
8447
1615
986
8104
5393
1855
4779
4692
4920
4062
3596
6077
4100
5736
8274
6308
509
1844
9501
5273
4007
5226
1079
8607
8191
331
6386
638
2998
718
8863
4827
3058
7896
6394
4874
1884
729
8644
5313
3791
1036
3040
4921
4527
9407
3834
270
6769
9907
7153
1566
7304
7632
2319
6645
1669
5301
6615
1734
8551
1862
3343
173
7078
3300
7841
2108
1906
8271
7664
6191
2518
7049
8027
667
3278
2762
1602
6912
7806
9733
7313
2466
3792
8233
5787
5376
6224
832
6576
5716
7563
8034
5577
5496
6082
2187
9397
4757
439
1848
9418
7481
8821
8154
2641
8934
8916
6122
9588
3583
7614
2950
6130
3381
4353
5008
7135
6632
2657
3667
9850
9515
1348
6673
4142
4571
3190
1121
6299
4879
5506
789
8698
6981
7202
9138
4715
2609
9379
7687
1609
9490
1600
6459
7655
9739
5984
3586
4171
2531
9024
5732
2664
6592
9093
7197
4232
123
9442
5747
3686
7807
9151
8697
8681
7640
6667
2845
7467
7367
9999
4470
475
7986
1351
1921
7605
992
2500
8935
2748
901
8851
2766
2366
7325
7576
3607
8599
6977
9601
5129
8919
9369
2592
6487
9347
2637
8892
734
6206
3540
3609
4242
3619
9906
2643
6942
5841
6332
4605
6416
7519
8261
1768
1052
808
7699
7137
9416
5780
670
2708
4686
4554
1411
8215
3852
106
3925
9141
6549
5517
7402
3396
9217
6370
4118
93
7508
4011
6396
5822
3050
4279
3946
389
6642
6826
1276
7639
3124
1510
7681
5105
4833
9801
2974
2701
7307
2579
615
2927
7507
1173
7593
2603
1197
8459
5255
8898
8293
8825
55
4192
6559
2963
8983
3293
9934
6422
6701
1650
1843
8288
2517
3221
4077
2679
2975
9802
5275
7907
3816
2796
3633
3882
3252
6105
6132
871
3989
474
3441
3428
9354
2170
8894
5758
5601
110
2142
2491
7982
5939
2808
8381
7087
2729
4750
8051
7694
5118
266
3225
6727
5507
6669
6249
3622
1402
8079
7673
3435
5481
5785
5050
8297
7783
2568
2270
8193
5018
2111
8654
8099
2948
7995
8664
976
2889
5531
1973
8123
2382
2180
5428
2232
4860
5595
7253
5682
3712
9207
9457
4406
9488
2702
597
9671
3729
6566
9449
1202
2633
2909
7043
2774
1141
8010
8483
2120
4782
1942
3537
1885
9649
6862
3021
179
3411
4961
8290
4739
9589
7261
3011
3636
1622
9886
7093
8528
3378
9567
1330
4421
6961
5982
6682
9714
1625
1486
710
4556
2472
3993
8117
8758
3273
9174
4219
90
8958
607
9914
432
9459
2063
5933
231
9312
6452
1157
1507
1069
8256
4173
5563
9469
7201
9104
182
5969
7390
1787
100
1425
6732
2684
1438
8423
696
3772
6438
2680
975
1770
6946
7812
1296
5123
7454
2418
8355
4138
1464
268
4572
1071
3842
3954
6047
6740
2996
2980
3766
2085
8013
416
2903
9411
6865
8679
1132
3922
4454
1271
4238
9038
7650
9803
547
7048
7547
5810
8450
2445
6931
1574
2029
1217
8508
5817
7965
9456
4451
5104
5061
803
7696
2417
4798
9439
5459
2537
8410
6321
6131
5846
887
4338
4332
1429
7919
7458
375
1673
7666
7128
4537
3514
2985
9971
5285
7556
4426
2610
845
3405
9968
1563
7856
9678
663
2465
8645
2630
8904
9752
3730
4460
1636
2478
7107
1871
1769
1550
5932
1611
8161
8688
9932
5755
7832
2468
9514
3698
8063
3660
8196
7414
5221
5406
898
8059
1333
6496
6298
3020
7949
3987
7973
6941
6718
4502
1640
5525
5610
1736
4595
5452
613
5537
1042
2103
1549
6184
9390
1456
2497
7319
7601
6228
219
2223
2745
5423
276
3043
2945
9809
299
8926
4143
376
229
6351
4732
194
8024
7714
4891
1557
7834
313
6267
4816
390
5864
5400
7579
3375
5422
680
3179
4359
6562
7288
4381
1830
4425
1956
9647
7058
6752
6515
5386
1686
1148
6778
6189
6717
7020
527
9580
3565
770
448
2391
1059
5254
673
41
5702
7034
1448
9863
5873
1756
6921
2931
1607
5535
8471
7562
704
7386
1761
4239
6567
4693
8313
9761
969
5171
8788
4991
1018
2038
7661
9115
2960
5946
2185
9126
5086
9486
2460
8047
9074
5170
9935
7492
9142
5792
2714
3216
6503
7311
9618
8728
253
9629
7300
8699
935
6874
9500
6799
6845
5837
8844
6825
105
6376
5146
6585
7621
2099
7849
5599
5974
1801
4580
816
9409
5281
2292
9344
7842
1850
9870
773
2437
745
3873
6965
5251
792
5625
6432
8660
2661
1815
4590
5235
3324
1723
1301
1234
796
7104
7443
352
5479
9590
3383
3299
3927
402
2650
8225
9716
8319
7401
3711
1703
9596
8683
7249
8522
9931
6733
8118
2061
2135
6258
2006
2202
9568
13
8902
4174
6008
1131
7151
6427
7994
3659
9996
2861
9181
3760
9943
7417
502
2933
9056
2015
9675
1575
4416
152
4085
8053
3935
9830
6389
7430
132
2599
6955
8092
592
3823
1842
7407
830
5773
2039
8139
5868
4184
4512
3364
1858
7491
1593
9451
4895
2942
910
6802
8771
5849
4052
8339
4994
4418
5167
7920
6114
2
2920
821
1725
1388
2484
6292
8787
6207
104
7584
8755
1526
5069
1749
5098
1610
7095
3539
6205
1106
6195
9129
7239
4455
146
9555
4792
5756
6711
8240
4698
5334
2720
8377
8777
1216
4078
980
6289
9663
8036
4321
7520
9634
3975
1898
3336
652
6029
4703
6628
1757
7263
3569
669
2829
870
4901
6445
1353
3072
7551
6316
7529
7913
1350
8693
7196
4646
5047
4542
4796
7167
1685
858
6322
4244
9815
5404
7591
6198
2622
8928
8802
6240
3368
7409
462
116
4457
8790
1742
7321
5494
9170
8717
3836
1964
1092
5656
8805
7117
8855
5111
5616
1055
1213
3722
8163
5521
532
5138
2023
1248
9084
3446
4774
8617
5816
7732
8272
238
5995
5696
815
8763
2448
4654
1826
8062
3356
8405
4836
9458
1370
4549
4098
9719
4853
7776
7876
3302
8399
6887
5390
9137
2262
3536
3554
8442
3642
6784
2212
5303
1595
2014
436
1660
7198
1743
6838
5110
849
1034
4272
5761
4224
3204
8396
6517
9662
1058
5548
8461
2390
9055
1033
7675
9924
1578
5370
3250
2239
7013
7809
9028
2321
8950
7727
9105
1101
1265
2618
8932
8838
5433
7837
3452
5772
2937
1687
2972
8056
5727
3678
6878
8834
8936
2428
8656
5945
1651
2226
8518
7446
3321
3853
4200
9043
5343
699
781
2162
3911
5830
2338
5757
1405
99
7408
9201
6081
4959
8743
2577
8884
7533
5288
2598
5530
3094
5495
8798
3847
3794
9257
9296
2115
7387
6300
4988
508
3084
7193
9402
7571
5920
2070
8206
4558
3150
7851
6983
5722
5289
3103
7501
3056
2342
5910
7773
3448
149
1400
5168
3547
5523
3281
6709
7642
642
6795
5091
4180
3740
8448
4269
7338
9507
1310
3408
4295
8885
8955
9994
5137
8093
3154
9325
9551
4608
6605
7553
6226
312
305
3623
5268
3432
8636
4452
6247
3457
5136
3066
6509
3752
3863
6323
5367
6852
4890
9176
6807
7836
9401
6461
5307
9476
3709
3769
2713
8257
8485
7772
9866
7353
712
7265
7459
839
4327
1286
4705
4821
9152
1617
7582
2164
7894
8614
109
184
6914
6915
9837
5902
1395
1547
4626
7393
9267
807
1982
5704
2715
5287
4694
1920
7314
6636
4448
3523
837
336
8720
8473
5911
3798
5555
8624
3437
6381
4079
5693
8255
3520
7695
8427
9420
192
6973
8433
3535
1951
4658
4507
3754
5314
7054
9753
1232
5391
2746
1620
8749
8542
4866
4922
4250
450
4619
495
1090
7247
8558
9119
5207
3661
1819
2558
4227
2765
4441
4764
322
7875
2177
5697
1863
3147
565
8385
8236
5271
7766
6379
761
5710
1541
6019
5139
7291
5337
8076
7626
2393
7889
2305
765
7608
8557
1784
6999
1670
5035
1431
2932
3637
820
2370
1940
7517
7932
7024
5418
9478
5603
74
3621
7368
7931
1237
4552
3312
3505
3891
9822
6994
8886
1043
9172
4958
4990
7822
886
6498
2032
6982
3187
7966
2818
2993
6599
1210
4882
1798
9650
8637
7280
5699
774
6917
3353
6988
7204
4950
5119
7546
4261
693
2797
5529
9777
2217
7929
5340
1874
8541
5090
6541
2464
8265
372
2034
4349
9398
8864
6741
9243
8896
4362
3477
3601
2739
8105
4134
2944
900
9782
5305
2203
4976
2822
406
7360
5211
3886
4130
9485
2044
32
4045
1214
1446
4019
3464
2387
7290
6583
665
5424
3160
9851
3690
3191
5377
5228
9238
1614
5991
8492
4970
6471
8157
9018
1147
2965
3915
7609
5894
9967
9723
6771
4516
9134
4781
8291
7534
6594
2411
6742
4072
7174
1253
5366
4762
5084
6695
8142
9180
3261
4290
3695
6164
9572
1810
2663
2941
2754
5645
9154
3744
7276
4871
6431
9031
9960
3789
3750
8588
8974
4179
8665
1427
968
4941
5121
8595
7019
2727
5840
7232
7744
7012
5202
8857
3373
315
9041
8160
2088
3519
0
8392
7486
3171
5014
379
4207
915
1365
6714
3325
7349
4234
5178
6168
2514
9148
7399
2016
5951
2291
9182
9480
3743
3282
5187
1630
1533
3884
9710
6500
6275
4589
973
49
9101
3676
8807
9246
9085
4491
5464
2753
8232
8334
4648
8183
9337
5049
40
3654
8860
9759
3553
2204
3174
5765
6329
6650
6199
7238
664
1763
1893
3000
647
6171
5062
9891
1227
6223
5642
1111
2438
4347
2245
9718
6565
9655
1740
6974
4805
672
9722
3376
2877
411
3700
8058
7803
5887
1775
8554
8667
494
4896
8718
7242
9294
4255
5469
2859
2353
7585
9428
3201
2734
5065
5741
1928
9916
1902
7457
6383
903
2022
2158
1809
9768
6261
5017
4843
3199
3544
4663
1583
787
9616
1434
5120
2880
7010
4528
8967
5352
4329
9852
7245
3156
3650
2179
7451
7623
7983
3145
6280
4657
2807
3460
6297
4485
7441
1266
5405
2256
6119
6536
9380
4578
4526
5633
4286
8168
8965
5621
2156
7440
9385
6317
6462
6761
7600
4442
306
678
2557
5160
2704
8444
3488
6587
2304
2107
7495
878
23
3409
9033
6064
7478
3137
8789
3209
7395
8119
1414
7656
686
8757
5381
6113
5914
3527
9534
1604
1716
84
5958
7515
9599
4678
3093
254
4892
6253
4330
4837
6320
7951
825
2506
9804
5659
4869
4935
780
3351
8391
3074
8463
3956
4257
283
9108
8332
8867
9163
8159
5943
3860
4018
9608
705
7829
5934
5181
4773
1291
2586
434
204
6016
1162
7672
5857
522
3751
1081
1518
5694
6622
6563
3562
6608
988
4676
6734
1929
7762
5692
1880
7035
5666
560
8772
5157
7415
2295
1159
4270
8988
1635
9824
890
7392
8306
4741
2686
2336
1752
8806
6998
6315
683
4484
1562
2128
2840
3136
7357
1470
5236
2361
3972
9090
1992
8404
2153
6890
694
397
991
8999
5804
14
1273
4458
7568
6434
7502
6085
8318
412
6382
5261
8882
6943
317
3541
8299
9072
3502
1354
6668
3735
8254
3265
6098
8149
5004
5480
2026
7833
7241
5051
7852
6514
7844
160
1325
9423
5993
